#height ne  
  100.00  0.25027E+10
  110.00  0.26352E+10
  120.00  0.14319E+10
  130.00  0.67045E+09
  140.00  0.56567E+09
  150.00  0.81701E+09
  160.00  0.13823E+10
  170.00  0.21416E+10
  180.00  0.29135E+10
  190.00  0.34879E+10
  200.00  0.42292E+10
  210.00  0.52194E+10
  220.00  0.66158E+10
  230.00  0.87973E+10
  240.00  0.13402E+11
  250.00  0.22793E+11
  260.00  0.36310E+11
  270.00  0.54321E+11
  280.00  0.76521E+11
  290.00  0.10178E+12
  300.00  0.12819E+12
  310.00  0.15337E+12
  320.00  0.17492E+12
  330.00  0.19099E+12
  340.00  0.20066E+12
  350.00  0.20425E+12
  360.00  0.20370E+12
  370.00  0.20071E+12
  380.00  0.19573E+12
  390.00  0.18918E+12
  400.00  0.18147E+12
  410.00  0.17296E+12
  420.00  0.16398E+12
  430.00  0.15479E+12
  440.00  0.14562E+12
  450.00  0.13661E+12
  460.00  0.12789E+12
  470.00  0.11955E+12
  480.00  0.11163E+12
  490.00  0.10417E+12
  500.00  0.97173E+11
  510.00  0.90641E+11
  520.00  0.84564E+11
  530.00  0.78923E+11
  540.00  0.73697E+11
  550.00  0.68863E+11
  560.00  0.64395E+11
  570.00  0.60268E+11
  580.00  0.56457E+11
  590.00  0.52938E+11
  600.00  0.49688E+11
  610.00  0.46686E+11
  620.00  0.43911E+11
  630.00  0.41345E+11
  640.00  0.38970E+11
  650.00  0.36771E+11
  660.00  0.34733E+11
  670.00  0.32842E+11
  680.00  0.31086E+11
  690.00  0.29455E+11
  700.00  0.27937E+11
  710.00  0.26525E+11
  720.00  0.25208E+11
  730.00  0.23979E+11
  740.00  0.22832E+11
  750.00  0.21760E+11
  760.00  0.20757E+11
  770.00  0.19818E+11
  780.00  0.18938E+11
  790.00  0.18112E+11
  800.00  0.17336E+11
  810.00  0.16607E+11
  820.00  0.15921E+11
  830.00  0.15275E+11
  840.00  0.14666E+11
  850.00  0.14092E+11
  860.00  0.13550E+11
  870.00  0.13038E+11
  880.00  0.12553E+11
  890.00  0.12095E+11
  900.00  0.11661E+11
  910.00  0.11249E+11
  920.00  0.10859E+11
  930.00  0.10489E+11
  940.00  0.10137E+11
  950.00  0.98022E+10
  960.00  0.94840E+10
  970.00  0.91810E+10
  980.00  0.88925E+10
  990.00  0.86174E+10
 1000.00  0.83551E+10
 1010.00  0.81047E+10
 1020.00  0.78656E+10
 1030.00  0.76371E+10
 1040.00  0.74187E+10
 1050.00  0.72097E+10
 1060.00  0.70097E+10
 1070.00  0.68181E+10
 1080.00  0.66345E+10
 1090.00  0.64585E+10
 1100.00  0.62897E+10
 1110.00  0.61276E+10
 1120.00  0.59720E+10
 1130.00  0.58225E+10
 1140.00  0.56788E+10
 1150.00  0.55406E+10
 1160.00  0.54077E+10
 1170.00  0.52797E+10
 1180.00  0.51565E+10
 1190.00  0.50378E+10
 1200.00  0.49234E+10
 1210.00  0.48130E+10
 1220.00  0.47066E+10
 1230.00  0.46039E+10
 1240.00  0.45048E+10
 1250.00  0.44090E+10
 1260.00  0.43165E+10
 1270.00  0.42271E+10
 1280.00  0.41407E+10
 1290.00  0.40571E+10
 1300.00  0.39762E+10
 1310.00  0.38979E+10
 1320.00  0.38221E+10
 1330.00  0.37486E+10
 1340.00  0.36775E+10
 1350.00  0.36085E+10
 1360.00  0.35417E+10
 1370.00  0.34769E+10
 1380.00  0.34140E+10
 1390.00  0.33529E+10
 1400.00  0.32937E+10
 1410.00  0.32361E+10
 1420.00  0.31802E+10
 1430.00  0.31260E+10
 1440.00  0.30732E+10
 1450.00  0.30219E+10
 1460.00  0.29720E+10
 1470.00  0.29235E+10
 1480.00  0.28763E+10
 1490.00  0.28304E+10
 1500.00  0.27857E+10
 1510.00  0.27421E+10
 1520.00  0.26998E+10
 1530.00  0.26585E+10
 1540.00  0.26182E+10
 1550.00  0.25790E+10
 1560.00  0.25408E+10
 1570.00  0.25035E+10
 1580.00  0.24672E+10
 1590.00  0.24317E+10
 1600.00  0.23971E+10
 1610.00  0.23633E+10
 1620.00  0.23304E+10
 1630.00  0.22982E+10
 1640.00  0.22668E+10
 1650.00  0.22361E+10
 1660.00  0.22061E+10
 1670.00  0.21768E+10
 1680.00  0.21482E+10
 1690.00  0.21202E+10
 1700.00  0.20929E+10
 1710.00  0.20661E+10
 1720.00  0.20399E+10
 1730.00  0.20144E+10
 1740.00  0.19893E+10
 1750.00  0.19648E+10
 1760.00  0.19408E+10
 1770.00  0.19174E+10
 1780.00  0.18944E+10
 1790.00  0.18719E+10
 1800.00  0.18498E+10
 1810.00  0.18282E+10
 1820.00  0.18071E+10
 1830.00  0.17863E+10
 1840.00  0.17660E+10
 1850.00  0.17461E+10
 1860.00  0.17266E+10
 1870.00  0.17075E+10
 1880.00  0.16887E+10
 1890.00  0.16703E+10
 1900.00  0.16522E+10
 1910.00  0.16345E+10
 1920.00  0.16172E+10
 1930.00  0.16001E+10
 1940.00  0.15834E+10
 1950.00  0.15669E+10
 1960.00  0.15508E+10
 1970.00  0.15350E+10
 1980.00  0.15194E+10
 1990.00  0.15042E+10
 2000.00  0.14892E+10